[continents]
1 Northern Islands 12
2 Southern Islands 10
3 Yukon 6
4 Northwest Territories 14
5 British Columbia 7
6 Alberta 4
7 Saskatchewan 5
8 Manitoba 6
9 Ontario 5
10 Quebec 8
11 Newfoundland 5
12 Nova Scotia 2
13 Prince Edward Island 1
14 New Brunswick 2

[countries]
1 c1 1
2 c2 1
3 c3 1
4 c4 1
5 c5 1
6 c6 1
7 c7 1
8 c8 1
9 c9 1
10 c10 1
11 c11 1
12 c12 1
13 c13 2
14 c14 2
15 c15 2
16 c16 2
17 c17 2
18 c18 2
19 c19 2
20 c20 2
21 c21 2
22 c22 2
23 c23 3
24 c24 3
25 c25 3
26 c26 3
27 c27 3
28 c28 3
29 c29 4
30 c30 4
31 c31 4
32 c32 4
34 c34 4
35 c35 4
36 c36 4
37 c37 4
38 c38 4
39 c39 4
40 c40 4
41 c41 4
42 c42 4
43 c43 4
44 c44 5
45 c45 5
46 c46 5
47 c47 5
48 c48 5
49 c49 5
50 c50 5
51 c51 6
52 c52 6
53 c53 6
54 c54 6
55 c55 7
56 c56 7
57 c57 7
58 c58 7
59 c59 7
60 c60 8
61 c61 8
62 c62 8
63 c63 8
64 c64 8
65 c65 8
66 c66 9
67 c67 9
68 c68 9
69 c69 9
70 c70 9
71 c71 10
72 c72 10
73 c73 10
74 c74 10
75 c75 10
76 c76 10
77 c77 10
78 c78 10
79 c79 11
80 c80 11
81 c81 11
82 c82 11
83 c83 11
84 c84 12
85 c85 12
86 c86 13
87 c87 14
88 c88 14

[borders]
1 2 12
2 1 3
3 2 4
4 3 5
5 4 6
6 5 7
7 6 8
8 7 9 22
9 8 10
10 9 11 12
11 10
12 1 10 14
13 14
14 12 13 15 16 18 42
15 14 16 77
16 14 15
17 21 40
18 14 19 42
19 18 21
20 21
21 17 19 20 22 31
22 8 21 30
23 24 25 29
24 23 25 26 27
25 23 24 26 29 30
26 24 25 27 28 32
27 24 26 28 44
28 26 27 34 44 45
29 23 25 30
30 22 25 29 31 32
31 21 30 37
32 26 30 34 36
34 28 32 35 45 53 54
35 34 38 39 54 55
36 32 37
37 31 36 38 40
38 35 37 39 40 45
39 35 38 40 55 65
40 17 37 38 39 41 42
41 40 42 43
42 14 18 40 41
43 41
44 27 28 45 46
45 28 34 38 44 46 53
46 44 45 48 49
47 48
48 46 47 49
49 46 48 50 52
50 49 51
51 50 52 57
52 49 51 53 54 56
53 34 45 52 54
54 34 35 52 53 55
55 35 39 54 56 65
56 52 55 57 58 59 64 65
57 51 56 58
58 56 57 59
59 56 58 60 64
60 59 61 62 64
61 60 62 64
62 60 61 63 67
63 62 64 65 66
64 56 59 60 61 63 65
65 39 55 56 63 64
66 63 67 68
67 62 66 69
68 66 69
69 67 68 70 71
70 69 71
71 69 70 72 73
72 71 87
73 71 74 75
74 73 75 80 81 82
75 73 74 76 80
76 75 77 78 80
77 15 76
78 76 79 80
79 78 80 81
80 74 75 76 78 79 81
81 74 79 80 82
82 74 81 83
83 82 84
84 83 85
85 84 86 88
86 85
87 72 88
88 85 87
